<?xml version="1.0"?>
<opencv_storage>
<image_width>640</image_width>
<image_height>480</image_height>
<camera_matrix type_id="opencv-matrix">
  <rows>3</rows>
  <cols>3</cols>
  <dt>d</dt>
  <data>
    3.9620836548467389e+02 0. 320. 0. 3.9940976044666201e+02 240. 0. 0.
    1.</data></camera_matrix>
<distortion_coefficients type_id="opencv-matrix">
  <rows>1</rows>
  <cols>5</cols>
  <dt>d</dt>
  <data>
    -3.4790284721576115e-01 1.6718907693319382e-01 0. 0.
    -4.5417429377621846e-02</data></distortion_coefficients>
</opencv_storage>
